0 1 1 2 2 3 4 5 5 6 6 7 8 9 9 10 
0 1 
0 1 1 2 2 3 
0 1 1 2 2 3 

0 1 
0 1 
0 1 1 2 2 3 3 4 


0 1 1 2 2 3 3 4 
0 1 
0 1 1 2 2 3 
0 1 1 2 2 3 

0 1 
0 1 
0 1 1 2 2 3 3 4 
0 1 1 2 2 3 3 4 


0 1 
0 1 1 2 2 3 

0 1 
0 1 1 2 2 3 3 4 


0 1 
0 1 1 2 2 3 

0 1 
0 1 1 2 2 3 3 4 


0 1 
0 1 
0 1 
0 1 
0 1 
0 1 
0 1 
0 1 
0 1 
0 1 

0 1 
0 1 
0 1 
0 1 
 
 


After linearise 
0 1 1 2 2 3 3 4 4 5 5 6 6 7 7 8 8 9 9 10 
0 1 
0 1 1 3 3 2 
0 1 1 3 3 2 

0 1 
0 1 
0 1 1 2 2 4 4 3 


0 1 1 2 2 4 4 3 
0 1 
0 1 1 3 3 2 
0 1 1 3 3 2 

0 1 
0 1 
0 1 1 2 2 4 4 3 
0 1 1 2 2 4 4 3 


0 1 
0 1 1 3 3 2 

0 1 
0 1 1 2 2 4 4 3 


0 1 
0 1 1 3 3 2 

0 1 
0 1 1 2 2 4 4 3 


0 1 
0 1 
0 1 
0 1 
0 1 
0 1 
0 1 
0 1 
0 1 
0 1 

0 1 
0 1 
0 1 
0 1 
(base) clair@clair-VivoBook-ASUSLaptop-X532FAC-S532FA:~/ANU/htn-linearization/code$ 


